%% FONTE DE DADOS: LDO 2012
%% Calculado a partir do Anexo 3
%% Descreve a probabilidade de um individuo ser URBANO
%% Valor único para todas as idades para o período de 2011 a 2031

Base_Tx_Urbanizacao_M = [
0.815621672
0.818349471
0.820890844
0.82325888
0.825469972
0.827539318
0.829476412
0.831284176
0.832967724
0.83453381
0.835989655
0.837342749
0.838599719
0.839767046
0.840849053
0.841849343
0.842735005
0.843604625
0.844364379
0.845049127
0.845661393
0.846198234
];

Base_Tx_Urbanizacao_F = [
0.853922457
0.85671136
0.859340024
0.86181891
0.864162785
0.866385887
0.868492408
0.870491432
0.872390249
0.874196399
0.875915092
0.877547868
0.879098113
0.880565185
0.881947625
0.883246281
0.884436089
0.885603428
0.886664385
0.887652096
0.888569209
0.889417932
];
