%% Taxa de Participacao na forca de trabalho - Baseado na PNAD de 2009
%% Fonte dos dados: LDO 2014 - Anexo 4 - Taxa de cobertura do RGPS
%% de zero a 80 anos

Base_Tx_PFT_M_U = [0
0
0
0
0
0
0
0
0
0
0
0
0
0
0
0
0.05527900
0.1212350
0.2116560
0.2928470
0.3604640
0.4135700
0.4512760
0.4741310
0.5063290
0.5243560
0.5478350
0.5518970
0.5931270
0.5931990
0.5795890
0.5751850
0.6049450
0.5993830
0.5980900
0.5828340
0.5813340
0.5777840
0.5817040
0.5670380
0.5617200
0.5722880
0.5559560
0.5362610
0.5504250
0.5087300
0.5109100
0.4985940
0.4905910
0.4856190
0.4461570
0.4254700
0.4243470
0.3855170
0.3932490
0.3385490
0.2866560
0.2809270
0.2600390
0.2457400
0.2008770
0.1934280
0.1834770
0.1296360
0.1331620
0.07068100
0.06700400
0.06259900
0.02213700
0.02378700
0.01481200
0.01428400
0.006847000
0.008005000
0.009873000
0.008404000
0.01084700
0.008254000
0.005699000
0.003187000
0.003187000
];

Base_Tx_PFT_M_R = [0
0
0
0
0
0
0
0
0
0
0
0
0
0
0
0
0.61273200
0.74464800
0.81802100
0.84968700
0.85816900
0.88957700
0.89368000
0.90740700
0.91347400
0.94060200
0.95028200
0.94596400
0.90551900
0.95443100
0.95619100
0.95479500
0.94299100
0.96913600
0.95508200
0.94405800
0.96206600
0.95501600
0.93719300
0.96412700
0.96024000
0.96453500
0.96183300
0.95278100
0.95018100
0.94935500
0.97114500
0.96651500
0.96750300
0.96065300
0.93589500
0.95667300
0.93911800
0.94306700
0.94151500
0.94579900
0.95380600
0.90604500
0.94246900
0.94044700
0.90697500
0.89785100
0.89011100
0.91295800
0.87755900
0.83406600
0.86759100
0.83251900
0.80927700
0.87388400
0.82228900
0.78446400
0.76845800
0.70728900
0.78456700
0.74773400
0.76943300
0.65062800
0.70404200
0.66482100
0.52909500
];

Base_Tx_PFT_F_U = [0
0
0
0
0
0
0
0
0
0
0
0
0
0
0
0
0.038816000
0.082712000
0.15812500
0.22491600
0.24300800
0.28650200
0.30273600
0.34030600
0.35547400
0.38611600
0.38554100
0.38925300
0.39401100
0.38027100
0.39982000
0.39979000
0.38341200
0.36146200
0.39442500
0.38547000
0.35914600
0.35678200
0.34830400
0.35386800
0.35259600
0.31747900
0.31830100
0.29958400
0.29971100
0.29331800
0.28425300
0.26771600
0.26394500
0.23765100
0.23823000
0.22293200
0.21949300
0.18310400
0.16542700
0.18271700
0.15446800
0.12197200
0.13488200
0.11521800
0.067957000
0.055565000
0.046433000
0.037558000
0.032338000
0.027751000
0.020999000
0.013636000
0.015064000
0.0076450000
0.011131000
0.0059990000
0.0069170000
0.0039630000
0.0050970000
0.0030300000
0.0038600000
0.0031180000
0.0035910000
0.0028750000
0.0021630000
];

Base_Tx_PFT_F_R = [0
0
0
0
0
0
0
0
0
0
0
0
0
0
0
0
0.2289420
0.2699890
0.3384800
0.3618030
0.4278720
0.4364310
0.5085120
0.4624900
0.4844360
0.5741070
0.5065990
0.5643750
0.5630510
0.5944260
0.5522400
0.6197790
0.6268390
0.6484310
0.5792930
0.6476490
0.6240400
0.6545350
0.6596040
0.6420800
0.7261340
0.6917890
0.6353220
0.6715870
0.5854200
0.6564310
0.6872210
0.6438240
0.6826180
0.6866010
0.6962720
0.6346440
0.6676180
0.6581630
0.6936440
0.6509820
0.6036000
0.5880780
0.5992000
0.5948340
0.5582590
0.6031950
0.5610170
0.5247190
0.4920340
0.5296910
0.5024780
0.5339840
0.5445310
0.4997730
0.4762490
0.3655540
0.4763860
0.4841120
0.3215160
0.4102270
0.4338990
0.3754170
0.3423540
0.4952440
0.2535290
];
