%FONTE: DATAPREV
%Ano de 2010

Remuneracao_Media_M = [0
0
0
0
0
0
0
0
0
0
0
0
0
0
0
0
2572.06
3779.32
3968.11
5230.44
6152.65
6953.83
7730.09
8594.81
9487.84
10345.05
11238.59
12149.54
12915.40
13738.79
14349.29
14903.94
15363.53
15915.84
16239.74
16617.79
16954.45
17241.64
17582.06
18250.11
18245.69
18384.95
18815.65
19472.25
20046.73
20944.27
21440.92
21587.03
22205.63
22852.45
23281.19
23905.02
23933.51
24383.41
24348.56
24210.12
23907.99
23834.65
23476.89
23099.71
22369.34
22433.73
22018.32
21761.57
21680.65
21392.88
22291.11
23084.23
22926.92
23813.69
24028.34
0
0
0
0
0
0
0
0
0
0];

Remuneracao_Media_F = [0
0
0
0
0
0
0
0
0
0
0
0
0
0
0
0
2289.20
3282.97
3641.61
4748.75
5525.75
6133.56
6797.08
7588.28
8365.59
9147.94
9925.48
10596.99
11228.42
11823.03
12226.82
12516.47
12779.54
13030.61
13121.04
13205.60
13322.54
13437.78
13550.95
13688.54
13586.64
13451.33
13713.91
14141.41
14391.65
14850.90
15036.28
15135.58
15451.59
15765.62
16013.23
16108.35
16136.48
16084.41
16313.63
16175.99
16126.84
15984.86
16053.42
16144.84
15406.15
16125.37
17002.93
17187.46
18164.61
18431.07
18481.48
18750.07
19565.64
18557.08
18780.84
0
0
0
0
0
0
0
0
0
0];