%probabilidades extraidas da planilhas do MTPS

%%%%%%%%%%%%%%%%%%%%%%%%%%%%%%%%%%%%%%%%%%%%%%%%%%%%%%%%%%%%%%%%%%%%%%%%%%%
%%%%%%%%%%         PROBABILIDADE DE ENTRADA NO SISTEMA           %%%%%%%%%%
%%%%%%%%%%%%%%%%%%%%%%%%%%%%%%%%%%%%%%%%%%%%%%%%%%%%%%%%%%%%%%%%%%%%%%%%%%%

%%%%%%%%%%%%%%%%%%%%%%%% MASCULINO URBANO

% PROBABILIDADE DE UM TRABALHADOR NA IDADE X E ANO Y RECEBER O BENEFICIO W
% fonte das Probabilidades de Aposentadorias: Prob_Benef_Fluxo_Empregos.xls
% fonte das Probabilidades de Auxilio Doenca: Prob_Benef_Estoque_Emprego.xls
% fonte das Probabilidades de Pensao: Pensao.xls
% ANO: 2010
% IDADES: 0 a 80 anos

%%%%%%%%%%%%%%%%%%%%% APOSENTADORIA TC

Prob_Ent_Apos_TC_M_U = [
0.0000
0.0000
0.0000
0.0000
0.0000
0.0000
0.0000
0.0000
0.0000
0.0000
0.0000
0.0000
0.0000
0.0000
0.0000
0.0000
0.0000
0.0000
0.0000
0.0000
0.0000
0.0000
0.0000
0.0000
0.0000
0.0000
0.0000
0.0000
0.0000
0.0000
0.0000
0.0000
0.0000
0.0000
0.0000
0.0000
0.0001
0.0001
0.0002
0.0004
0.0006
0.0009
0.0014
0.0023
0.0033
0.0048
0.0063
0.0088
0.0114
0.0148
0.0211
0.0261
0.0289
0.0899
0.0622
0.0716
0.0748
0.0720
0.0710
0.0678
0.0826
0.0671
0.0577
0.0617
0.0317
0.0189
0.0085
0.0060
0.0115
0.0093
0.0103
0.0061
0.0111
0.0075
0.0063
0.0072
0.0054
0.0035
0.0049
0.0048
0.0021
];

Prob_Ent_Apos_TC_M_R = [
0.0000000
0.0000000
0.0000000
0.0000000
0.0000000
0.0000000
0.0000000
0.0000000
0.0000000
0.0000000
0.0000000
0.0000000
0.0000000
0.0000000
0.0000000
0.0000000
0.0000000
0.0000000
0.0000000
0.0000000
0.0000000
0.0000000
0.0000000
0.0000000
0.0000000
0.0000000
0.0000000
0.0000000
0.0000000
0.0000000
0.0000000
0.0000000
0.0000000
0.0000000
0.0000000
0.0000000
0.0000000
0.0000000
0.0000000
0.0000000
0.0000000
0.0000000
0.0000000
0.0000000
0.0000016
0.0000066
0.0000067
0.0000158
0.0000503
0.0000633
0.0000896
0.0001173
0.0001951
0.0002154
0.0003514
0.0003914
0.0004233
0.0005135
0.0016590
0.0009649
0.0010460
0.0011173
0.0011582
0.0009637
0.0006976
0.0004581
0.0001803
0.0001676
0.0001535
0.0000844
0.0000312
0.0000099
0.0000188
0.0000000
0.0000074
0.0000091
0.0000000
0.0000000
0.0000140
0.0000000
0.0000000
];

%[Prob_Benef_Fluxo_Emprego.xls] TC_Urb_Mulheres
Prob_Ent_Apos_TC_F_U = [
0.00000000
0.00000000
0.00000000
0.00000000
0.00000000
0.00000000
0.00000000
0.00000000
0.00000000
0.00000000
0.00000000
0.00000000
0.00000000
0.00000000
0.00000000
0.00000000
0.00000000
0.00000000
0.00000000
0.00000000
0.00000000
0.00000000
0.00000000
0.00000000
0.00000000
0.00000000
0.00000000
0.00000000
0.00000000
0.00000000
0.00000000
0.00000000
0.00000000
0.00000000
0.00000522
0.00001958
0.00003240
0.00004810
0.00008984
0.00013716
0.00026834
0.00047237
0.00119565
0.00234375
0.00360606
0.00592561
0.00879983
0.01280285
0.04258683
0.03626428
0.03884103
0.03893981
0.03801715
0.04395765
0.04656322
0.04394383
0.04432789
0.04922461
0.03698714
0.02467353
0.01248221
0.00691103
0.00627290
0.00578935
0.00546605
0.00477615
0.00368853
0.00585512
0.00410280
0.00664407
0.00342900
0.00301528
0.00251497
0.00251497
0.00325233
0.00246925
0.00246925
0.00283560
0.00283560
0.00000000
0.00000000
];

% [Prob_Benef_Fluxo_Emprego.xls]TC_Rur_Mulheres
Prob_Ent_Apos_TC_F_R = [
0.00000000
0.00000000
0.00000000
0.00000000
0.00000000
0.00000000
0.00000000
0.00000000
0.00000000
0.00000000
0.00000000
0.00000000
0.00000000
0.00000000
0.00000000
0.00000000
0.00000000
0.00000000
0.00000000
0.00000000
0.00000000
0.00000000
0.00000000
0.00000000
0.00000000
0.00000000
0.00000000
0.00000000
0.00000000
0.00000000
0.00000000
0.00000000
0.00000000
0.00000000
0.00000000
0.00000000
0.00000000
0.00000000
0.00000000
0.00000000
0.00000314
0.00000000
0.00000963
0.00002640
0.00002871
0.00003842
0.00005533
0.00005238
0.00012401
0.00006312
0.00011406
0.00014498
0.00012896
0.00010355
0.00008617
0.00007689
0.00005544
0.00004043
0.00002645
0.00003428
0.00002801
0.00000925
0.00000993
0.00000637
0.00000000
0.00000681
0.00001461
0.00000729
0.00001774
0.00001696
0.00000000
0.00000000
0.00001134
0.00000000
0.00000000
0.00000000
0.00000000
0.00000000
0.00000000
0.00000000
0.00000743
];

%%%%%%%%%%%%%%%%%%%%% APOSENTADORIA IDADE

Prob_Ent_Apos_ID_M_U = [
0.0000
0.0000
0.0000
0.0000
0.0000
0.0000
0.0000
0.0000
0.0000
0.0000
0.0000
0.0000
0.0000
0.0000
0.0000
0.0000
0.0000
0.0000
0.0000
0.0000
0.0000
0.0000
0.0000
0.0000
0.0000
0.0000
0.0000
0.0000
0.0000
0.0000
0.0000
0.0000
0.0000
0.0000
0.0000
0.0000
0.0000
0.0000
0.0000
0.0000
0.0000
0.0000
0.0000
0.0000
0.0000
0.0000
0.0000
0.0000
0.0000
0.0000
0.0000
0.0000
0.0000
0.0000
0.0000
0.0000
0.0000
0.0000
0.0000
0.0000
0.0000
0.0000
0.0000
0.0000
0.0000
2.8230
0.3266
0.2015
0.3552
0.2615
0.3401
0.3041
0.5442
0.4241
0.3165
0.3056
0.2250
0.2405
0.2775
0.2180
0.0973
];

Prob_Ent_Apos_ID_M_R = [
0.0000
0.0000
0.0000
0.0000
0.0000
0.0000
0.0000
0.0000
0.0000
0.0000
0.0000
0.0000
0.0000
0.0000
0.0000
0.0000
0.0000
0.0000
0.0000
0.0000
0.0000
0.0000
0.0000
0.0000
0.0000
0.0000
0.0000
0.0000
0.0000
0.0000
0.0000
0.0000
0.0000
0.0000
0.0000
0.0000
0.0000
0.0000
0.0000
0.0000
0.0000
0.0000
0.0000
0.0000
0.0000
0.0000
0.0000
0.0000
0.0000
0.0000
0.0000
0.0000
0.0000
0.0000
0.0000
0.0000
0.0000
0.0000
0.0000
0.0000
0.8184
0.1189
0.0769
0.0542
0.0383
0.0373
0.0158
0.0109
0.0102
0.0066
0.0060
0.0048
0.0052
0.0053
0.0035
0.0033
0.0024
0.0029
0.0028
0.0022
0.0013
];

Prob_Ent_Apos_ID_F_U = [
0.00000000
0.00000000
0.00000000
0.00000000
0.00000000
0.00000000
0.00000000
0.00000000
0.00000000
0.00000000
0.00000000
0.00000000
0.00000000
0.00000000
0.00000000
0.00000000
0.00000000
0.00000000
0.00000000
0.00000000
0.00000000
0.00000000
0.00000000
0.00000000
0.00000000
0.00000000
0.00000000
0.00000000
0.00000000
0.00000000
0.00000000
0.00000000
0.00000000
0.00000000
0.00000000
0.00000000
0.00000000
0.00000000
0.00000000
0.00000000
0.00000000
0.00000000
0.00000000
0.00000000
0.00000000
0.00000000
0.00000000
0.00000000
0.00000000
0.00000000
0.00000000
0.00000000
0.00000000
0.00000000
0.00000000
0.00000000
0.00000000
0.00000000
0.00000000
0.00000000
2.04993296
0.34197436
0.27616339
0.25923033
0.26149255
0.32271609
0.30789728
0.39881925
0.31181262
0.60251223
0.37065873
0.53084757
0.39411113
0.56829920
0.41002535
0.53747249
0.41187292
0.40643607
0.34155967
0.34867663
0.25041863
];

Prob_Ent_Apos_ID_F_R = [
0.00000000
0.00000000
0.00000000
0.00000000
0.00000000
0.00000000
0.00000000
0.00000000
0.00000000
0.00000000
0.00000000
0.00000000
0.00000000
0.00000000
0.00000000
0.00000000
0.00000000
0.00000000
0.00000000
0.00000000
0.00000000
0.00000000
0.00000000
0.00000000
0.00000000
0.00000000
0.00000000
0.00000000
0.00000000
0.00000000
0.00000000
0.00000000
0.00000000
0.00000000
0.00000000
0.00000000
0.00000000
0.00000000
0.00000000
0.00000000
0.00000000
0.00000000
0.00000000
0.00000000
0.00000000
0.00000000
0.00000000
0.00000000
0.00000000
0.00000000
0.00000000
0.00000000
0.00000000
0.00000000
0.00000000
1.28337144
0.22442185
0.16451468
0.11944340
0.10789654
0.14301170
0.07858587
0.06832167
0.07002213
0.06238108
0.04725772
0.03819066
0.03275794
0.03415503
0.02770945
0.02921255
0.03665603
0.02589071
0.02856650
0.03813117
0.03880994
0.03286844
0.03940835
0.03174109
0.02681333
0.04236781
];


%%%%%%%%%%%%%%%%%%%%% APOSENTADORIA INVALIDEZ

% ALVARO VINDAS
Prob_Ent_Apos_Invalidez_M_U = [
0.0000
0.0000
0.0000
0.0000
0.0000
0.0000
0.0000
0.0000
0.0000
0.0000
0.0000
0.0000
0.0000
0.0000
0.0000
0.0006
0.0038
0.0026
0.0020
0.0016
0.0014
0.0013
0.0012
0.0011
0.0011
0.0011
0.0010
0.0010
0.0010
0.0011
0.0011
0.0011
0.0011
0.0012
0.0012
0.0012
0.0013
0.0013
0.0014
0.0015
0.0016
0.0017
0.0018
0.0019
0.0021
0.0023
0.0025
0.0027
0.0030
0.0034
0.0038
0.0043
0.0049
0.0055
0.0064
0.0074
0.0087
0.0104
0.0129
0.0166
0.0183
0.0216
0.0260
0.0322
0.0412
0.0543
0.0738
0.1028
0.1454
0.2059
0.2877
0.3907
0.5087
0.6293
0.7376
0.8246
0.8961
0.9804
1.1833
1.5298
1.2859
];

