%Valor medio dos beneficios - DATAPREV 2010

% Masculino Urbano
Valor_Medio_Beneficio_Apos_TC_M_U = [
0.00
0.00
0.00
0.00
0.00
0.00
0.00
0.00
0.00
0.00
0.00
0.00
0.00
0.00
0.00
0.00
0.00
0.00
0.00
0.00
0.00
0.00
0.00
0.00
0.00
0.00
0.00
0.00
0.00
0.00
0.00
1052.08
1655.44
0.00
995.72
1202.48
2035.31
1894.09
1956.26
1829.37
1889.87
1902.81
1907.22
1739.03
1567.91
1485.12
1436.56
1413.32
1397.17
1408.06
1436.11
1462.58
1482.33
1472.66
1474.80
1480.21
1484.14
1477.88
1478.32
1471.00
1467.76
1460.15
1439.84
1430.26
1418.77
1408.21
1393.82
1362.32
1336.73
1328.15
1308.42
1296.48
1283.61
1268.27
1251.50
1242.81
1247.35
1248.12
1246.99
1248.78
1335.10];

Valor_Medio_Beneficio_Apos_ID_M_U = [
0.00
0.00
0.00
0.00
0.00
0.00
0.00
0.00
0.00
0.00
0.00
0.00
0.00
0.00
0.00
0.00
0.00
0.00
0.00
0.00
0.00
0.00
0.00
0.00
0.00
0.00
0.00
0.00
0.00
0.00
0.00
0.00
0.00
0.00
0.00
0.00
0.00
0.00
0.00
0.00
0.00
0.00
0.00
0.00
0.00
0.00
0.00
0.00
0.00
0.00
0.00
0.00
0.00
0.00
0.00
0.00
0.00
0.00
0.00
0.00
0.00
0.00
0.00
0.00
0.00
760.04
767.47
774.66
771.78
776.71
773.02
779.51
781.65
783.45
785.48
806.85
805.63
779.84
768.98
770.27
722.46];

Valor_Medio_Beneficio_Apos_Inv_M_U = [
0.00
0.00
0.00
0.00
0.00
0.00
0.00
0.00
0.00
0.00
0.00
0.00
0.00
0.00
510.00
510.00
510.00
510.00
519.35
596.30
700.92
642.33
608.60
610.09
615.89
633.29
630.03
629.81
630.95
637.08
664.11
679.32
713.81
745.33
769.04
798.08
831.29
861.77
880.58
912.65
929.69
956.02
988.03
1004.64
1021.55
1057.17
1062.44
1071.20
1085.16
1102.47
1117.49
1135.84
1137.42
1137.83
1133.46
1119.20
1108.39
1080.17
1051.14
1027.04
983.41
955.01
924.94
894.26
872.06
846.79
830.10
809.77
784.06
771.96
737.32
721.28
698.23
682.86
666.25
655.57
643.09
635.70
619.14
617.91
594.56];

Valor_Medio_Beneficio_AuxD_M_U = [
0.00
0.00
0.00
0.00
0.00
0.00
0.00
0.00
0.00
0.00
0.00
0.00
0.00
0.00
510.00
530.52
537.83
557.57
582.20
627.66
648.98
664.64
689.84
699.01
720.24
725.18
737.92
744.75
757.91
769.76
790.71
805.95
830.47
854.70
880.18
909.06
941.61
974.92
995.57
1031.55
1042.39
1065.10
1082.81
1096.19
1124.36
1130.46
1141.48
1145.47
1160.98
1149.87
1153.34
1159.85
1137.11
1129.02
1111.20
1083.26
1063.18
1028.81
1003.85
978.22
952.51
925.60
903.78
902.93
901.31
917.20
928.62
917.22
884.17
927.50
959.65
924.58
1006.48
971.35
886.60
853.60
1062.31
1127.14
936.61
1020.59
854.10];

% Masculino Rural
Valor_Medio_Beneficio_Apos_TC_M_R = [
0.00
0.00
0.00
0.00
0.00
0.00
0.00
0.00
0.00
0.00
0.00
0.00
0.00
0.00
0.00
0.00
0.00
0.00
0.00
0.00
0.00
0.00
0.00
0.00
0.00
0.00
0.00
0.00
0.00
0.00
0.00
0.00
0.00
0.00
0.00
0.00
0.00
0.00
0.00
0.00
0.00
0.00
0.00
643.76
533.53
635.87
606.03
612.75
673.12
680.65
654.25
688.85
677.64
666.29
702.50
677.97
676.87
680.09
679.23
689.33
709.66
712.26
747.41
731.00
733.46
759.04
807.44
865.02
780.48
834.19
784.37
802.09
801.81
810.56
799.68
830.94
814.50
818.39
918.53
749.21
735.00];

Valor_Medio_Beneficio_Apos_ID_M_R = [
0.00
0.00
0.00
0.00
0.00
0.00
0.00
0.00
0.00
0.00
0.00
0.00
0.00
0.00
0.00
0.00
0.00
0.00
0.00
0.00
0.00
0.00
0.00
0.00
0.00
0.00
0.00
0.00
0.00
0.00
0.00
0.00
0.00
0.00
0.00
0.00
0.00
0.00
0.00
0.00
0.00
0.00
0.00
0.00
0.00
0.00
0.00
0.00
0.00
0.00
0.00
0.00
0.00
0.00
0.00
0.00
0.00
0.00
0.00
0.00
512.15
512.65
512.29
512.35
512.49
512.77
512.63
512.52
512.42
512.36
511.61
511.77
511.43
511.71
511.92
512.75
513.44
513.16
512.54
513.47
514.88];

Valor_Medio_Beneficio_Apos_Inv_M_R = [
0.00
0.00
0.00
0.00
0.00
0.00
0.00
0.00
0.00
0.00
0.00
0.00
0.00
0.00
0.00
0.00
0.00
0.00
510.00
510.00
510.00
514.88
513.59
510.00
511.68
511.98
515.60
510.66
511.57
510.95
513.38
516.05
517.30
517.06
520.30
523.32
521.14
521.79
523.60
520.72
524.20
521.11
524.36
523.27
524.99
521.59
522.06
521.36
522.95
523.93
524.10
523.10
521.79
524.74
521.52
524.40
521.53
522.94
521.04
521.09
519.96
519.84
519.38
520.24
520.70
521.29
520.47
522.51
522.19
522.13
521.28
520.41
522.76
519.05
517.79
516.66
516.11
512.99
514.09
512.85
511.26];

Valor_Medio_Beneficio_AuxD_M_R = [0.00
0.00
0.00
0.00
0.00
0.00
0.00
0.00
0.00
0.00
0.00
0.00
0.00
0.00
0.00
0.00
510.00
510.00
510.00
510.00
510.00
510.00
510.00
509.84
509.84
510.00
510.00
510.06
510.35
510.05
511.23
511.28
511.12
512.48
511.49
513.39
513.83
513.72
513.43
513.59
513.87
513.11
514.19
513.45
514.76
512.72
512.10
513.76
512.20
512.95
512.28
513.06
511.48
510.91
512.47
510.58
511.54
510.36
510.86
511.75
512.34
512.40
513.89
513.17
515.48
510.56
510.00
574.62
541.46
510.00
510.00
540.67
510.00
661.76
510.00
510.00
510.00
510.00
510.00
510.00
510.00
];

% Feminino Urbano
Valor_Medio_Beneficio_Apos_TC_F_U = [
0.00
0.00
0.00
0.00
0.00
0.00
0.00
0.00
0.00
0.00
0.00
0.00
0.00
0.00
0.00
0.00
0.00
0.00
0.00
0.00
0.00
0.00
0.00
0.00
0.00
0.00
0.00
0.00
0.00
0.00
0.00
0.00
0.00
0.00
0.00
0.00
0.00
0.00
0.00
0.00
0.00
0.00
0.00
0.00
0.00
0.00
0.00
0.00
0.00
0.00
0.00
0.00
0.00
0.00
0.00
0.00
0.00
0.00
0.00
0.00
706.48
712.02
713.77
708.24
703.54
701.02
691.76
685.09
676.01
668.72
657.42
653.04
637.58
627.19
617.49
611.59
622.76
575.92
561.42
568.33
601.86];

Valor_Medio_Beneficio_Apos_ID_F_U = [
0.00
0.00
0.00
0.00
0.00
0.00
0.00
0.00
0.00
0.00
0.00
0.00
0.00
0.00
0.00
0.00
0.00
0.00
0.00
0.00
0.00
0.00
0.00
0.00
0.00
0.00
0.00
0.00
0.00
0.00
0.00
0.00
0.00
0.00
0.00
0.00
0.00
0.00
0.00
0.00
0.00
0.00
0.00
0.00
0.00
0.00
0.00
0.00
0.00
0.00
0.00
0.00
0.00
0.00
0.00
0.00
0.00
0.00
0.00
0.00
706.48
712.02
713.77
708.24
703.54
701.02
691.76
685.09
676.01
668.72
657.42
653.04
637.58
627.19
617.49
611.59
622.76
575.92
561.42
568.33
601.86];

Valor_Medio_Beneficio_Apos_Inv_F_U = [
0.00
0.00
0.00
0.00
0.00
0.00
0.00
0.00
0.00
0.00
0.00
0.00
0.00
0.00
0.00
0.00
0.00
886.94
510.00
557.89
540.43
702.92
620.55
666.38
595.97
575.87
618.39
595.88
614.76
644.63
644.28
655.18
669.66
708.66
717.71
733.66
759.87
758.44
772.85
779.93
784.97
769.97
792.15
790.79
806.51
807.17
807.84
808.30
807.45
803.53
808.34
806.41
791.79
783.40
777.25
754.22
734.80
720.57
703.78
691.26
672.06
658.74
645.17
631.48
618.11
605.82
596.35
584.36
571.74
566.94
559.73
553.75
548.97
546.21
542.90
538.01
537.52
533.23
532.18
533.08
532.49];

Valor_Medio_Beneficio_AuxD_F_U = [
0.00
0.00
0.00
0.00
0.00
0.00
0.00
0.00
0.00
0.00
0.00
0.00
0.00
0.00
0.00
510.00
521.28
544.99
574.23
592.02
615.81
633.64
640.69
654.87
669.00
690.93
708.46
709.66
725.26
738.40
737.77
744.37
760.09
767.59
777.21
788.98
794.65
798.16
803.13
800.32
806.54
798.59
791.69
803.52
808.24
811.96
801.78
799.69
792.61
779.72
771.49
766.57
743.90
727.88
720.22
712.44
699.74
693.57
686.81
679.26
658.85
640.17
625.24
620.84
605.37
625.96
618.53
612.84
604.34
641.18
598.33
611.59
616.73
595.64
595.92
587.22
559.28
649.87
556.04
559.29
577.11];

% Feminino Rural
Valor_Medio_Beneficio_Apos_TC_F_R = [
0.00
0.00
0.00
0.00
0.00
0.00
0.00
0.00
0.00
0.00
0.00
0.00
0.00
0.00
0.00
0.00
0.00
0.00
0.00
0.00
0.00
0.00
0.00
0.00
0.00
0.00
0.00
0.00
0.00
0.00
0.00
0.00
0.00
0.00
0.00
0.00
0.00
0.00
0.00
0.00
0.00
0.00
510.00
0.00
510.00
510.00
511.87
523.74
572.03
531.36
567.33
570.13
559.44
522.56
591.88
603.42
584.80
613.93
639.15
635.21
654.22
691.97
767.13
669.33
689.54
728.17
701.65
670.40
593.46
612.57
669.78
707.17
688.78
731.58
562.24
881.26
510.00
510.00
1242.88
680.93
510.00];

Valor_Medio_Beneficio_Apos_ID_F_R = [
0.00
0.00
0.00
0.00
0.00
0.00
0.00
0.00
0.00
0.00
0.00
0.00
0.00
0.00
0.00
0.00
0.00
0.00
0.00
0.00
0.00
0.00
0.00
0.00
0.00
0.00
0.00
0.00
0.00
0.00
0.00
0.00
0.00
0.00
0.00
0.00
0.00
0.00
0.00
0.00
0.00
0.00
0.00
0.00
0.00
0.00
0.00
0.00
0.00
0.00
0.00
0.00
0.00
0.00
0.00
510.25
510.23
510.20
510.15
510.13
510.14
510.13
510.11
510.12
510.09
510.04
510.06
510.09
510.05
510.07
510.11
510.09
510.10
510.14
510.08
510.09
510.22
510.08
510.13
510.16
510.16];

