%Dados fornecidos pela DATAPREV

%Estoque = Ativos no mês de Dezembro do ano correspondente

%Agrupado os valores de 80 anos a 90+ do anuário na posição da idade 80

%Idades = 0 até 80 anos


%%%%%%%%%%%%%%%%%%%% TEMPO DE CONTRIBUICAO

Ano_Estoque = 2010;

Est_Apos_TC_F_R = [0
0
0
0
0
0
0
0
0
0
0
0
0
0
0
0
0
0
0
0
0
0
0
0
0
0
0
0
0
0
0
0
0
0
0
0
0
0
0
0
0
0
2
0
7
10
13
18
27
36
42
27
63
67
53
70
58
79
48
46
38
31
25
30
32
20
23
23
15
15
13
8
16
8
8
2
4
1
1
3
5
];

Est_Apos_TC_F_U = [0
0
0
0
0
0
0
0
0
0
0
0
0
0
0
0
0
0
0
0
0
0
0
0
0
0
0
0
0
0
0
1
0
0
0
0
0
0
2
1
14
46
212
697
1458
2875
4944
7571
14552
21936
31595
39820
46685
54413
60098
63969
66820
66912
67249
62498
59622
54126
50309
44937
39787
35407
32776
29888
26963
23097
22975
21107
19224
16234
14996
13531
11807
10017
9535
8056
49469];

Est_Apos_TC_M_R = [0
0
0
0
0
0
0
0
0
0
0
0
0
0
0
0
0
0
0
0
0
0
0
0
0
0
0
0
0
0
0
0
0
0
0
0
0
0
0
0
0
0
0
2
5
22
26
53
79
123
150
178
283
334
484
611
706
761
896
878
931
914
843
748
755
657
561
465
437
386
365
339
296
251
210
182
139
103
74
37
82];

Est_Apos_TC_M_U = [0
0
0
0
0
0
0
0
0
0
0
0
0
0
0
0
0
0
0
0
0
0
0
0
0
0
0
0
0
0
0
7
1
0
4
6
3
17
32
43
59
92
193
428
965
2014
3692
6403
9960
15514
23783
34569
45870
65317
84483
103847
121226
130922
143334
145823
154255
152546
153160
148249
140375
129756
123807
117260
111035
97971
98964
92042
86229
76166
73874
67252
60651
51375
48943
42572
225225];

%%%%%%%%%%%%%%%%%%%%%%%%%%%%%%%% IDADE

Est_Apos_ID_F_R = [0
0
0
0
0
0
0
0
0
0
0
0
0
0
0
0
0
0
0
0
0
0
0
0
0
0
0
0
0
0
0
0
0
0
0
0
0
0
0
0
0
0
0
0
0
0
0
0
0
0
0
0
0
0
0
75212
106567
114969
129428
124838
143329
132489
140946
138686
131335
128214
134046
125213
125500
103082
124869
112726
110490
105281
110773
100488
84396
70167
77987
62628
454905];

Est_Apos_ID_F_U = [0
0
0
0
0
0
0
0
0
0
0
0
0
0
0
0
0
0
0
0
0
0
0
0
0
0
0
0
0
0
0
0
0
0
0
0
0
0
0
0
0
0
0
0
0
0
0
0
0
0
0
0
0
0
0
0
0
0
0
0
72465
86162
90439
89593
85393
81281
81934
79027
75610
65339
71220
68082
64932
60864
64107
62214
58667
54178
56895
50930
316827];
    
Est_Apos_ID_M_R = [0
0
0
0
0
0
0
0
0
0
0
0
0
0
0
0
0
0
0
0
0
0
0
0
0
0
0
0
0
0
0
0
0
0
0
0
0
0
0
0
0
0
0
0
0
0
0
0
0
0
0
0
0
0
0
0
0
0
0
0
78197
94684
108644
110357
106397
106545
107576
102117
106124
86226
102460
91143
84964
77703
78299
73645
66201
59847
68599
55666
422259];

% Dados do DataPrev - 2010
Est_Apos_ID_M_U = [0
0
0
0
0
0
0
0
0
0
0
0
0
0
0
0
0
0
0
0
0
0
0
0
0
0
0
0
0
0
0
0
0
0
0
0
0
0
0
0
0
0
0
0
0
0
0
0
0
0
0
0
0
0
0
0
0
0
0
0
0
0
0
0
0
56726
68902
67148
65288
56942
61299
57499
54531
46701
43990
38077
32787
28657
29547
26582
197481];
    



%%%%%%%%%%%%%%%%%%%%%%%%%%%%%%%% INVALIDEZ

Est_Apos_Inv_F_R = [0
0
0
0
0
0
0
0
0
0
0
0
0
0
0
0
0
0
3
5
7
14
24
46
84
112
120
165
243
261
330
391
401
482
538
604
683
775
861
920
1101
1219
1396
1576
1698
1882
2186
2354
2502
2685
3182
3319
3853
4202
4574
4806
4874
4653
4766
4288
4600
3931
3736
3327
3046
2775
2667
2407
2423
1881
2284
1881
1669
1498
1477
1451
1443
1323
1607
1362
16280];

Est_Apos_Inv_F_U = [0
0
0
0
0
0
0
0
0
0
0
0
0
0
0
0
0
2
1
7
15
23
34
78
118
178
263
379
578
780
1022
1295
1677
1978
2414
2854
3360
3864
4560
5057
5879
6586
7548
8552
9792
11133
12407
13940
15157
15846
18205
20234
21968
24203
25634
27005
28756
29584
31645
31476
33558
33458
34830
34643
33810
32660
33057
32077
32498
28965
32122
30511
29088
26264
27166
24762
22143
18819
19353
16080
100889];
    
Est_Apos_Inv_M_R = [0
0
0
0
0
0
0
0
0
0
0
0
0
0
0
0
0
0
7
12
19
52
71
125
166
244
266
384
476
550
579
760
762
909
1051
1240
1302
1393
1706
1745
2036
2267
2667
2783
3026
3390
3797
4081
4432
4353
4982
4867
5713
6058
6343
6878
7445
8059
8885
8892
9895
9284
9493
9116
8827
8321
8132
7348
7300
5899
6800
6180
5848
5442
5349
5112
4488
3840
4270
3545
37799];

% Dados DataPrev - 2010
Est_Apos_Inv_M_U = [0
0
0
0
0
0
0
0
0
0
0
0
0
0
1
1
1
3
3
17
43
87
181
271
399
642
856
1261
1801
2282
2742
3309
3947
4862
5595
6525
7445
8267
9697
10650
12006
13555
15245
16754
18564
20741
22733
25093
26709
28188
31603
34257
36830
39665
40862
42579
44752
44999
46491
44966
46412
45034
46317
44762
43081
40377
39835
37824
36511
30379
32364
29228
26880
24350
23838
22381
19522
16877
17246
14417
90861];


%%%%%%%%%%%%%%%%%%%%%%%%%%%%%%%% AUXILIO DOENCA

Est_Aux_Doenca_F_R = [0
0
0
0
0
0
0
0
0
0
0
0
0
0
0
0
4
31
65
118
175
228
259
303
400
458
530
545
649
698
758
868
914
948
1064
1091
1217
1293
1413
1374
1596
1739
1835
1940
2039
2162
2410
2572
2656
2526
2929
2863
3194
3284
3052
1536
1100
749
560
410
380
246
216
178
122
91
59
40
39
22
13
9
11
3
2
3
5
1
4
3
9];

Est_Aux_Doenca_F_U = [0
0
0
0
0
0
0
0
0
0
0
0
0
0
0
2
18
99
264
665
1219
1735
2299
2811
3414
3876
4388
5328
6311
6773
7175
7664
8106
8579
8827
9227
10101
9917
10861
11144
11477
12068
12842
13241
13894
14880
15283
15755
15623
15483
16034
15896
15773
15792
14970
14133
13738
12484
11824
10288
8344
6448
5522
4633
3665
2797
2200
1705
1412
955
805
647
472
346
309
211
140
117
106
72
233];
    
Est_Aux_Doenca_M_R = [0
0
0
0
0
0
0
0
0
0
0
0
0
0
0
0
25
112
232
297
395
445
517
549
589
717
657
813
926
904
955
1018
1085
1068
1181
1213
1350
1380
1454
1511
1600
1738
1825
1967
2090
2153
2386
2409
2445
2467
2779
2610
2901
2960
3118
3246
3274
3342
3622
3058
1559
907
612
449
285
174
98
65
39
24
24
13
12
5
8
2
4
2
1
0
4];

Est_Aux_Doenca_M_U = [0
0
0
0
0
0
0
0
0
0
0
0
0
0
1
8
85
340
843
2066
3322
4503
5536
6226
6953
7792
8121
9281
10368
10762
10977
11634
12108
12476
13225
13382
13959
14268
15255
15061
16124
16843
17514
17621
18351
19111
19257
19782
19444
19127
19760
19008
18625
18368
17158
16196
15581
13987
13390
11565
10724
9310
8196
6959
5779
3089
1891
1155
789
464
323
226
168
132
81
63
49
27
24
16
65];


%%%%%%%%%%%%%%%%%%%%%%%%%%%%%%%% PENSOES POR MORTE

Est_Pens_F_R = [57
254
610
910
1160
1609
1952
2339
2782
3094
3759
3933
4234
4718
5076
5562
5799
6438
7091
7203
7656
466
681
823
1093
1256
1371
1680
2143
2304
2798
3197
3586
3945
4521
5087
5883
6244
6966
7164
8992
9994
11340
12322
13956
14890
17506
18627
19605
19699
23063
22819
26460
28315
29140
30552
32643
33463
36942
35811
41851
40215
44403
45591
45491
46771
51438
51034
55261
48168
63445
59753
58875
57784
63502
62159
57131
52129
60745
52758
459616];

Est_Pens_F_U = [249
974
1724
2529
3185
3794
4464
5241
6020
6733
7767
8605
8788
9394
9566
10551
11413
12467
12281
13758
14472
1169
1681
2145
2760
3427
4178
5219
6455
7403
8162
9392
10375
11577
12544
13711
14922
16114
18604
20056
22682
24961
28301
30602
34107
37935
41555
45777
48668
51285
56959
60375
65136
69526
72512
75922
79995
81402
86917
84842
91495
91227
94707
96100
95032
93185
97171
97392
99254
90697
102651
101666
100598
96408
102293
100188
93800
86915
91807
83139
659195];
    
Est_Pens_M_R = [27
122
329
474
595
815
966
1149
1409
1480
1850
1968
2135
2372
2536
2744
2831
3146
3409
3438
3554
106
139
179
211
203
240
273
361
414
457
531
626
723
810
856
1054
1087
1157
1180
1477
1599
1818
1876
2129
2219
2537
2571
2854
2774
3171
3022
3502
3727
3821
4230
4435
4402
4984
4868
5662
5534
6385
6452
6660
6735
7443
7456
8443
7487
9594
9228
9349
9187
9859
9965
9330
8686
10164
8919
77442];

Est_Pens_M_U = [0
0
0
0
0
0
0
0
0
0
0
0
0
0
0
0
0
0
0
0
0
0
0
0
0
0
0
0
0
0
2
5
22
26
53
79
123
150
178
283
334
484
611
706
761
896
878
931
914
843
748
755
657
561
465
437
386
365
339
296
251
210
182
139
103
74
37
8670
8778
7965
9059
8852
8905
8438
9037
8821
8375
7812
8251
7559
61388];

%{
Est_Apos_TC_F_R;
Est_Apos_TC_F_U = Est_Apos_TC_F_U * (1+0.0000629);
Est_Apos_TC_M_R;
Est_Apos_TC_M_U = Est_Apos_TC_M_U*(1+0.00005297);

Est_Apos_ID_F_R;
Est_Apos_ID_F_U = Est_Apos_ID_F_U * (1-0.008);
Est_Apos_ID_M_R;
Est_Apos_ID_M_U = Est_Apos_ID_M_U*(1+0.00094744+0.0000009);

Est_Apos_Inv_F_R;
Est_Apos_Inv_F_U = Est_Apos_Inv_F_U * (1+0.00048);
Est_Apos_Inv_M_R;
Est_Apos_Inv_M_U = Est_Apos_Inv_M_U*(1+0.00003841);

Est_Pens_F_R;
Est_Pens_F_U;
Est_Pens_M_R;
Est_Pens_M_U = Est_Pens_M_U*(1);

Est_Aux_Doenca_M_U;
Est_Aux_Doenca_F_U = Est_Aux_Doenca_F_U;
%}

