%Despesas retirado de Anuario 
%Estoque = Ativos
%agrupado os valores de 80 anos a 90+ do anuário na posição da idade 80
%Idades = 0 até 80 anos
%As despesas do anuário se referem ao mês de Dezembro do ano correspondente

%Auxílio-doença foi multiplicado por 12 para termos a estimativa anual -
%OBS: precisa ser ajustado pelo número médio de parcelas de auxílos-doença
%pagos - VALOR ESTIMADO: 9 meses

%Dados fornecidos pela DATAPREV

%%%%%%%%%%%%%%%%%%%% TEMPO DE CONTRIBUICAO

Ano_Despesas = 2010;

Desp_Apos_TC_F_R = [0.00
0.00
0.00
0.00
0.00
0.00
0.00
0.00
0.00
0.00
0.00
0.00
0.00
0.00
0.00
0.00
0.00
0.00
0.00
0.00
0.00
0.00
0.00
0.00
0.00
0.00
0.00
0.00
0.00
0.00
0.00
0.00
0.00
0.00
0.00
0.00
0.00
0.00
0.00
0.00
0.00
0.00
1020.00
0.00
3570.00
5100.00
6654.35
9427.36
15444.69
19129.12
23827.74
15393.58
35244.90
35011.43
31369.80
42239.69
33918.52
48500.28
30679.02
29219.60
24860.43
21451.13
19178.15
20079.75
22065.12
14563.43
16137.85
15419.25
8901.96
9188.62
8707.19
5657.39
11020.43
5852.67
4497.94
1762.52
2040.00
510.00
1242.88
2042.79
2550.00];

Desp_Apos_TC_F_U = [0.00
0.00
0.00
0.00
0.00
0.00
0.00
0.00
0.00
0.00
0.00
0.00
0.00
0.00
0.00
0.00
0.00
0.00
0.00
0.00
0.00
0.00
0.00
0.00
0.00
0.00
0.00
0.00
0.00
0.00
0.00
1689.00
0.00
0.00
0.00
0.00
0.00
0.00
1020.00
510.00
9251.10
27904.83
136894.94
489571.65
1060416.33
2327061.93
4306447.13
7065298.55
13974573.52
21831315.74
32626968.38
41721805.27
49851675.61
59165613.62
66609820.58
72353213.23
76599673.96
77246606.55
78236883.65
72829700.11
68717157.03
62461686.67
57450694.06
50823554.97
44626750.84
39100609.07
35824935.86
32233026.86
28745303.50
24529896.58
23678005.52
21808458.80
20015723.81
17067247.49
15567637.31
14022452.75
12409331.77
10733135.93
10237143.70
8815582.56
53100925.95];

Desp_Apos_TC_M_R = [0.00
0.00
0.00
0.00
0.00
0.00
0.00
0.00
0.00
0.00
0.00
0.00
0.00
0.00
0.00
0.00
0.00
0.00
0.00
0.00
0.00
0.00
0.00
0.00
0.00
0.00
0.00
0.00
0.00
0.00
0.00
0.00
0.00
0.00
0.00
0.00
0.00
0.00
0.00
0.00
0.00
0.00
0.00
1287.51
2667.64
13989.13
15756.80
32475.64
53176.27
83720.07
98137.34
122615.22
191772.64
222539.35
340008.02
414240.57
477867.90
517551.87
608588.53
605228.96
660690.60
651003.85
630064.32
546785.58
553765.96
498688.12
452972.75
402232.59
341071.03
321995.91
286295.01
271909.85
237335.60
203451.32
167933.71
151230.73
113215.47
84294.35
67971.47
27720.63
69013.88];

Desp_Apos_TC_M_U = [0.00
0.00
0.00
0.00
0.00
0.00
0.00
0.00
0.00
0.00
0.00
0.00
0.00
0.00
0.00
0.00
0.00
0.00
0.00
0.00
0.00
0.00
0.00
0.00
0.00
0.00
0.00
0.00
0.00
0.00
0.00
7364.54
1655.44
0.00
3982.89
7214.90
6105.93
32199.55
62600.39
78662.95
111502.12
175058.83
368093.08
744303.19
1513033.99
2991029.16
5303770.35
9049515.30
13915840.24
21844702.63
34154973.76
50560053.47
67994342.80
96189549.20
124595523.73
153715448.77
179915943.41
193486547.59
211893281.19
214506208.22
226408892.32
222739888.26
220526517.32
212034754.31
199160172.39
182723916.26
172564236.20
159745530.77
148424325.39
130120437.35
129486462.16
119330881.26
110684187.49
96598826.99
92453413.58
83581505.30
75653231.72
64122222.79
61031571.59
53163236.60
297450067.23];

%%%%%%%%%%%%%%%%%%%%%%%%%%%%%%%% IDADE

Desp_Apos_ID_F_R = [0.00
0.00
0.00
0.00
0.00
0.00
0.00
0.00
0.00
0.00
0.00
0.00
0.00
0.00
0.00
0.00
0.00
0.00
0.00
0.00
0.00
0.00
0.00
0.00
0.00
0.00
0.00
0.00
0.00
0.00
0.00
0.00
0.00
0.00
0.00
0.00
0.00
0.00
0.00
0.00
0.00
0.00
0.00
0.00
0.00
0.00
0.00
0.00
0.00
0.00
0.00
0.00
0.00
0.00
0.00
38376873.92
54373947.05
58656907.16
66027883.85
63683408.82
73117995.51
67586787.71
71897834.46
70746705.82
66993088.74
65394388.31
68371920.30
63870202.35
64011171.06
52579322.76
63697301.37
57500597.68
56361178.31
53707800.47
56502705.94
51258009.33
43060591.78
35790523.11
39783857.30
31950147.92
232180077.19];

Desp_Apos_ID_F_U = [0.00
0.00
0.00
0.00
0.00
0.00
0.00
0.00
0.00
0.00
0.00
0.00
0.00
0.00
0.00
0.00
0.00
0.00
0.00
0.00
0.00
0.00
0.00
0.00
0.00
0.00
0.00
0.00
0.00
0.00
0.00
0.00
0.00
0.00
0.00
0.00
0.00
0.00
0.00
0.00
0.00
0.00
0.00
0.00
0.00
0.00
0.00
0.00
0.00
0.00
0.00
0.00
0.00
0.00
0.00
0.00
0.00
0.00
0.00
0.00
51195408.51
61349313.11
64552692.59
63453362.94
60077277.69
56979563.90
56678628.07
54140266.75
51113282.93
43693229.07
46821703.23
44460363.83
41399404.08
38173434.35
39585488.14
38049156.61
36535365.64
31202400.80
31942041.58
28945124.35
190453080.57];
    
Desp_Apos_ID_M_R = [0.00
0.00
0.00
0.00
0.00
0.00
0.00
0.00
0.00
0.00
0.00
0.00
0.00
0.00
0.00
0.00
0.00
0.00
0.00
0.00
0.00
0.00
0.00
0.00
0.00
0.00
0.00
0.00
0.00
0.00
0.00
0.00
0.00
0.00
0.00
0.00
0.00
0.00
0.00
0.00
0.00
0.00
0.00
0.00
0.00
0.00
0.00
0.00
0.00
0.00
0.00
0.00
0.00
0.00
0.00
0.00
0.00
0.00
0.00
0.00
40048652.89
48540098.09
55656967.52
56541839.30
54527164.02
54633574.98
55146475.98
52337484.43
54380186.62
44178344.35
52419389.70
46644404.13
43453545.52
39761337.54
40083119.65
37761565.55
33990231.95
30710918.62
35159614.42
28582638.45
217200087.09];

Desp_Apos_ID_M_U = [0.00 
0.00    
0.00
0.00
0.00
0.00
0.00
0.00
0.00
0.00
0.00
0.00
0.00
0.00
0.00
0.00
0.00
0.00
0.00
0.00
0.00
0.00
0.00
0.00
0.00
0.00
0.00
0.00
0.00
0.00
0.00
0.00
0.00
0.00
0.00
0.00
0.00
0.00
0.00
0.00
0.00
0.00
0.00
0.00
0.00
0.00
0.00
0.00
0.00
0.00
0.00
0.00
0.00
0.00
0.00
0.00
0.00
0.00
0.00
0.00
0.00
0.00
0.00
0.00
0.00
43113993.00
52880418.01
52017070.32
50388055.50
44227234.54
47385083.09
44820820.26
42624268.51
36587901.56
34553319.55
30722356.60
26414072.20
22347757.60
22721162.00
20475310.01
142725619.26];

%%%%%%%%%%%%%%%%%%%%%%%%%%%%%%%% INVALIDEZ

Desp_Apos_Inv_F_R = [0.00
0.00
0.00
0.00
0.00
0.00
0.00
0.00
0.00
0.00
0.00
0.00
0.00
0.00
0.00
0.00
0.00
0.00
1530.00
2550.00
3570.00
7140.00
12240.00
23460.00
42840.00
57120.00
61200.00
84150.00
123958.05
133318.08
168300.00
199410.00
204999.76
246299.32
275554.24
308199.31
349173.65
396340.80
441589.66
472141.62
563016.63
624476.18
714496.31
808291.56
870293.80
966322.68
1116666.28
1206225.31
1281724.29
1375834.39
1629081.03
1701206.81
1974132.38
2152858.88
2344517.43
2459461.41
2494630.63
2380114.98
2444807.50
2196934.03
2356177.15
2017422.35
1915538.55
1707385.39
1561168.52
1423140.63
1366974.04
1233477.75
1239834.71
962042.43
1167145.48
961255.20
854218.91
764859.01
754525.93
743947.18
737892.51
675868.84
820236.01
694620.00
8308348.91];

Desp_Apos_Inv_F_U = [0.00
0.00
0.00
0.00
0.00
0.00
0.00
0.00
0.00
0.00
0.00
0.00
0.00
0.00
0.00
0.00
0.00
1773.87
510.00
3905.26
8106.39
16167.15
21098.64
51977.25
70324.15
102504.08
162637.54
225837.94
355330.97
502813.99
658458.59
848459.46
1123022.70
1401735.38
1732543.85
2093854.49
2553156.37
2930593.97
3524183.02
3944081.37
4614826.42
5071011.51
5979123.65
6762861.35
7897375.68
8986271.07
10022865.58
11267749.81
12238521.23
12732664.98
14715828.73
16316923.14
17394012.99
18960722.56
19924129.58
20367839.69
21129856.44
21317372.64
22271167.76
21758100.00
22552948.42
22040114.04
22471111.46
21876511.14
20898432.82
19785980.51
19713655.39
18744534.69
18580539.71
16421405.32
17979783.93
16895394.18
15968504.91
14345693.75
14748493.52
13322237.64
11902316.51
10034853.12
10299266.37
8571904.36
53708467.61];
    
Desp_Apos_Inv_M_R = [0.00
0.00
0.00
0.00
0.00
0.00
0.00
0.00
0.00
0.00
0.00
0.00
0.00
0.00
0.00
0.00
0.00
0.00
3570.00
6120.00
9690.00
26773.98
36465.00
63750.00
84939.48
124922.46
137148.60
196095.00
243506.53
281022.19
297245.36
392196.05
394183.19
470003.89
546832.67
648915.71
678523.20
726856.95
893266.48
908664.81
1067270.31
1181352.66
1398463.38
1456267.44
1588620.10
1768192.07
1982246.87
2127687.60
2317727.17
2280645.55
2611048.21
2545910.73
2981001.24
3178889.35
3308030.44
3606794.92
3882764.75
4214391.99
4629413.97
4633546.24
5144992.56
4826235.70
4930492.71
4742474.12
4596258.99
4337627.37
4232498.51
3839372.44
3811960.04
3080025.46
3544673.44
3216108.02
3057086.27
2824684.28
2769672.07
2641154.41
2316312.75
1969872.41
2195181.04
1818045.96
19326051.46];

