%% Taxa de Participacao na forca de trabalho - Baseado na PNAD de 2005
%% Fonte dos dados: LDO 2010 - Anexo 4 - Taxa de cobertura do RGPS
%% de zero a 80 anos

% Os ultimos 15 valores de M_U e F_U retirei da Base_Tx_PFT_MTPS
% Os valores para o Rural copiei do ano de 2010 da Base_Tx_PFT_MTPS

Base_Tx_PFT_M_U = [0
0
0
0
0
0
0
0
0
0
0
0
0
0
0
0
0.0628
0.1177
0.1877
0.2625
0.3324
0.3914
0.4378
0.4725
0.4972
0.5141
0.525
0.5313
0.5345
0.5354
0.5349
0.5336
0.5318
0.53
0.5281
0.5262
0.5243
0.5222
0.5198
0.5169
0.5133
0.5088
0.5032
0.4964
0.4883
0.479
0.4684
0.4565
0.4436
0.4297
0.4149
0.3993
0.3827
0.365
0.3455
0.3237
0.2987
0.2695
0.2352
0.1958
0.1887
0.1691
0.147
0.1232
0.0993
0.077
0.067004 
0.062599 
0.022137 
0.023787 
0.014812 
0.014284 
0.006847 
0.008005 
0.009873 
0.008404 
0.010847 
0.008254 
0.005699 
0.003187 
0.003187 
];

Base_Tx_PFT_M_R = [
0.0
0.0
0.0
0.0
0.0
0.0
0.0
0.0
0.0
0.0
0.0
0.0
0.0
0.0
0.0
0.0
0.612732 
0.744648 
0.818021 
0.849687 
0.858169 
0.889577 
0.893680 
0.907407 
0.913474 
0.940602 
0.950282 
0.945964 
0.905519 
0.954431 
0.956191 
0.954795 
0.942991 
0.969136 
0.955082 
0.944058 
0.962066 
0.955016 
0.937193 
0.964127 
0.960240 
0.964535 
0.961833 
0.952781 
0.950181 
0.949355 
0.971145 
0.966515 
0.967503 
0.960653 
0.935895 
0.956673 
0.939118 
0.943067 
0.941515 
0.945799 
0.953806 
0.906045 
0.942469 
0.940447 
0.906975 
0.897851 
0.890111 
0.912958 
0.877559 
0.834066 
0.867591 
0.832519 
0.809277 
0.873884 
0.822289 
0.784464 
0.768458 
0.707289 
0.784567 
0.747734 
0.769433 
0.650628 
0.704042 
0.664821 
0.529095 
];

Base_Tx_PFT_F_U = [0
0
0
0
0
0
0
0
0
0
0
0
0
0
0
0
0.0303
0.0677
0.1203
0.1788
0.2332
0.2771
0.3089
0.3294
0.3407
0.3453
0.3455
0.3429
0.3391
0.3349
0.3309
0.3274
0.3246
0.3222
0.3202
0.3184
0.3166
0.3145
0.312
0.3088
0.305
0.3002
0.2946
0.288
0.2804
0.272
0.2626
0.2525
0.2416
0.2301
0.218
0.2056
0.1928
0.1797
0.1664
0.1528
0.1386
0.1238
0.1081
0.091
0.0692
0.054
0.0436
0.0356
0.0289
0.023
0.020999
0.013636
0.015064
0.007645
0.011131
0.005999
0.006917
0.003963
0.005097
0.003030
0.003860
0.003118
0.003591
0.002875
0.002163
];

Base_Tx_PFT_F_R = [0.0
0.0
0.0
0.0
0.0
0.0
0.0
0.0
0.0
0.0
0.0
0.0
0.0
0.0
0.0
0.0
0.228942
0.269989
0.338480
0.361803
0.427872
0.436431
0.508512
0.462490
0.484436
0.574107
0.506599
0.564375
0.563051
0.594426
0.552240
0.619779
0.626839
0.648431
0.579293
0.647649
0.624040
0.654535
0.659604
0.642080
0.726134
0.691789
0.635322
0.671587
0.585420
0.656431
0.687221
0.643824
0.682618
0.686601
0.696272
0.634644
0.667618
0.658163
0.693644
0.650982
0.603600
0.588078
0.599200
0.594834
0.558259
0.603195
0.561017
0.524719
0.492034
0.529691
0.502478
0.533984
0.544531
0.499773
0.476249
0.365554
0.476386
0.484112
0.321516
0.410227
0.433899
0.375417
0.342354
0.495244
0.253529
];
