%% Projecoes de 2008
%%Fonte dos dados IBGE
%%http:http://downloads.ibge.gov.br/downloads_estatisticas.htm?caminho=Projecao_da_Populacao/Revisao_2008_Projecoes_1980_2050/

%%Dados sao iguais a LDO de 2014 até 2010

Ano_Inicial_Base = 2000;
Ano_Final_Base = 2050;

Base_Pop_M = [
1784410	1792849	1785017	1763831	1735062	1699528	1658833	1614626	1568948	1524778	1484225	1446005	1410956	1380965	1355542	1334476	1318340	1306063	1296183	1287647	1280256	1273955	1267846	1260782	1251954	1241310	1229079	1215154	1199640	1182675	1164420	1145355	1125962	1106647	1087709	1069343	1051774	1035276	1019973	1005805	992659	980408	968963	958219	948000	938107	928335	918535	908615	898507	888161
1753386	1773037	1781858	1774496	1753833	1725614	1690644	1650521	1606878	1561742	1518082	1477980	1440169	1405499	1375854	1350749	1329953	1314055	1301999	1292328	1283993	1276777	1270638	1264688	1257782	1249113	1238614	1226522	1212734	1197358	1180528	1162395	1143443	1124160	1104951	1086114	1067838	1050352	1033932	1018703	1004605	991520	979325	967934	957241	947071	937222	927489	917729	907846	897776
1726623	1749034	1768783	1777730	1770534	1750063	1722046	1687283	1647370	1603939	1559009	1515539	1475602	1437945	1403420	1373909	1348922	1328224	1312417	1300445	1290853	1282591	1275436	1269357	1263466	1256620	1248007	1237559	1225519	1211782	1196457	1179677	1161587	1142678	1123437	1104270	1085471	1067227	1049773	1033383	1018183	1004112	991049	978876	967505	956833	946681	936848	927130	917386	907517
1708248	1723898	1746364	1766174	1775198	1768104	1747750	1719854	1685219	1645435	1602135	1557327	1513965	1474130	1436570	1402135	1372702	1347783	1327146	1311396	1299477	1289931	1281709	1274592	1268552	1262698	1255887	1247306	1236889	1224882	1211179	1195884	1179132	1161070	1142189	1122975	1103832	1085055	1066832	1049399	1033029	1017846	1003790	990742	978583	967225	956566	946424	936602	926894	917160
1693702	1706157	1721855	1744363	1764220	1773303	1766285	1746019	1718215	1683678	1643992	1600786	1556066	1512786	1473029	1435542	1401173	1371794	1346926	1326337	1310630	1298749	1289235	1281044	1273957	1267946	1262119	1255331	1246775	1236383	1224401	1210722	1195449	1178718	1160677	1141817	1122623	1103498	1084738	1066531	1049113	1032758	1017588	1003543	990506	978359	967010	956360	946226	936412	926712
1681887	1692369	1704853	1720577	1743107	1762989	1772105	1765130	1744916	1717166	1682687	1643059	1599907	1555240	1512011	1472301	1434859	1400528	1371184	1346347	1325787	1310106	1298247	1288753	1280580	1273512	1267518	1261707	1254934	1246393	1236018	1224051	1210386	1195127	1178411	1160384	1141538	1122356	1103243	1084495	1066299	1048892	1032546	1017384	1003348	990318	978179	966836	956193	946065	936257
1673809	1681104	1691597	1704091	1719824	1742361	1762251	1771380	1764425	1744235	1716513	1682063	1642463	1599341	1554703	1511502	1471817	1434399	1400089	1370765	1345947	1325402	1309733	1297887	1288404	1280242	1273184	1267198	1261397	1254633	1246100	1235735	1223776	1210120	1194871	1178164	1160146	1141309	1122135	1103031	1084291	1066102	1048702	1032364	1017208	1003178	990153	978020	966680	956042	945918
1661800	1673031	1680337	1690841	1703345	1719087	1741631	1761530	1770672	1763738	1743572	1715875	1681453	1641882	1598789	1554180	1511006	1471345	1433950	1399661	1370357	1345556	1325026	1309370	1297536	1288064	1279912	1272864	1266886	1261094	1254339	1245814	1235458	1223508	1209860	1194621	1177923	1159913	1141085	1121919	1102824	1084092	1065910	1048516	1032185	1017035	1003011	989991	977863	966528	955895
1659890	1661027	1672268	1679587	1690102	1702616	1718367	1740918	1760826	1769981	1763067	1742926	1715253	1680858	1641315	1598251	1553669	1510521	1470885	1433513	1399244	1369959	1345174	1324658	1309016	1297194	1287732	1279589	1272551	1266581	1260798	1254051	1245535	1235187	1223246	1209607	1194376	1177687	1159685	1140866	1121708	1102621	1083896	1065722	1048334	1032010	1016866	1002847	989833	977709	966378
1676123	1659118	1660270	1671521	1678852	1689378	1701903	1717664	1740222	1760139	1769308	1762412	1742294	1714646	1680278	1640762	1597726	1553171	1510047	1470435	1433086	1398837	1369570	1344801	1324299	1308670	1296860	1287408	1279274	1272246	1266284	1260509	1253769	1245262	1234922	1222989	1209359	1194136	1177456	1159462	1140652	1121501	1102422	1083704	1065537	1048156	1031838	1016699	1002686	989677	977558
1714904	1675287	1658309	1659479	1670744	1678090	1688631	1701169	1716943	1739511	1759440	1768624	1761748	1741655	1714034	1679696	1640209	1597201	1552675	1509578	1469991	1432665	1398436	1369188	1344437	1323950	1308334	1296535	1287094	1278970	1271952	1265999	1260232	1253500	1245001	1234671	1222746	1209124	1193909	1177238	1159252	1140451	1121307	1102236	1083526	1065365	1047991	1031679	1016544	1002537	989533
1751652	1713990	1674416	1657468	1658658	1669940	1677304	1687862	1700417	1716207	1738787	1758730	1767931	1761078	1741013	1713422	1679114	1639657	1596679	1552182	1509114	1469553	1432250	1398043	1368814	1344081	1323610	1308007	1296219	1286790	1278678	1271670	1265725	1259966	1253244	1244753	1234432	1222515	1208902	1193695	1177033	1159055	1140262	1121126	1102062	1083360	1065205	1047837	1031532	1016402	1002400
1765758	1750717	1713098	1673566	1656649	1657859	1669157	1676541	1687116	1699688	1715494	1738085	1758041	1767259	1760428	1740390	1712828	1678548	1639121	1596173	1551705	1508664	1469127	1431847	1397661	1368452	1343735	1323280	1307690	1295913	1286495	1278393	1271395	1265459	1259708	1252995	1244512	1234199	1222290	1208686	1193488	1176834	1158864	1140077	1120949	1101893	1083198	1065049	1047687	1031387	1016263
1781170	1764816	1749806	1712229	1672739	1655852	1657083	1668397	1675800	1686392	1698981	1714802	1737404	1757372	1766607	1759799	1739786	1712251	1677999	1638601	1595683	1551242	1508228	1468714	1431456	1397291	1368101	1343399	1322959	1307382	1295617	1286209	1278117	1271127	1265200	1259457	1252752	1244278	1233973	1222071	1208475	1193286	1176639	1158677	1139898	1120777	1101728	1083040	1064896	1047541	1031247
1796524	1780220	1763898	1748918	1711382	1671933	1655076	1656329	1667659	1675081	1685691	1698296	1714129	1736743	1756723	1765976	1759189	1739200	1711691	1677467	1638098	1595208	1550792	1507803	1468313	1431077	1396931	1367759	1343072	1322647	1307083	1295329	1285930	1277848	1270866	1264948	1259213	1252515	1244049	1233753	1221859	1208270	1193088	1176449	1158495	1139723	1120609	1101566	1082885	1064747	1047398
1839468	1794290	1778053	1761799	1746884	1709437	1670079	1653286	1654583	1665947	1673407	1684049	1696684	1712542	1735180	1755184	1764468	1757725	1737790	1710340	1676178	1636871	1594043	1549688	1506758	1467322	1430136	1396033	1366903	1342252	1321861	1306325	1294594	1285218	1277158	1270197	1264298	1258579	1251899	1243451	1233174	1221298	1207727	1192563	1175942	1158008	1139253	1120156	1101129	1082464	1064341
1842966	1835849	1790832	1774698	1758545	1743729	1706420	1667200	1650506	1651870	1663285	1670799	1681488	1694168	1710066	1732736	1752774	1762104	1755428	1735577	1708219	1674151	1634938	1592207	1547947	1505108	1465754	1428644	1394611	1365545	1340951	1320610	1305117	1293423	1284083	1276057	1269126	1263256	1257563	1250911	1242492	1232244	1220395	1206853	1191718	1175126	1157221	1138493	1119423	1100422	1081783
1808594	1839339	1832311	1787453	1771421	1755369	1740651	1703480	1664397	1647800	1649231	1660694	1668258	1678994	1691718	1707658	1730357	1750425	1759801	1753192	1733424	1706152	1672174	1633054	1590417	1546252	1503501	1464225	1427188	1393225	1364221	1339682	1319388	1303937	1292281	1282976	1274982	1268079	1262237	1256571	1249947	1241554	1231334	1219511	1205997	1190891	1174327	1156448	1137748	1118704	1099729
1790599	1805035	1835794	1828853	1784153	1768221	1752271	1737651	1700616	1661668	1645167	1646661	1658169	1665784	1676567	1689336	1705314	1728039	1748138	1757560	1751016	1731328	1704137	1670247	1631220	1588676	1544600	1501932	1462734	1425769	1391875	1362930	1338443	1318195	1302785	1291167	1281895	1273931	1267056	1261241	1255602	1249004	1240636	1230443	1218647	1205160	1190081	1173544	1155690	1137017	1118000
